10 11
-9   8    8    -1   -1   -4   4    2    8    -2   54   
10   6    5    1    -5   -7   8    9    9    3    235  
7    -8   -4   -2   3    3    10   1    9    -10  74   
-9   9    4    -8   7    3    6    -1   -4   -6   58   
6    2    10   -1   -5   8    -3   -9   2    -9   -105 
-1   -7   2    7    -4   2    2    -4   -9   -6   -74  
8    -6   -3   -3   6    -4   7    5    -2   7    134  
-7   -5   10   -5   6    -5   -1   -7   3    -10  -178 
1    -6   -8   6    -5   -1   -8   -1   -9   4    -132 
8    -1   -5   7    9    -4   7    8    3    -10  308  
